# Synthetic powder XRD example
# Material: Ti2AlN with a TiN impurity
# Radiation: Cu K-alpha1 (1.54056 Angstrom)
# Columns: two_theta_deg intensity
5.0000 41.757
5.0200 43.549
5.0400 40.119
5.0600 36.427
5.0800 39.050
5.1000 35.835
5.1200 42.153
5.1400 49.840
5.1600 38.853
5.1800 38.090
5.2000 44.759
5.2200 43.968
5.2400 42.466
5.2600 36.258
5.2800 41.672
5.3000 46.027
5.3200 33.797
5.3400 39.123
5.3600 30.469
5.3800 34.146
5.4000 30.840
5.4200 40.486
5.4400 34.299
5.4600 43.539
5.4800 42.859
5.5000 40.803
5.5200 26.831
5.5400 38.707
5.5600 41.655
5.5800 42.633
5.6000 32.779
5.6200 39.100
5.6400 36.103
5.6600 37.128
5.6800 48.353
5.7000 37.150
5.7200 41.807
5.7400 47.315
5.7600 38.514
5.7800 41.353
5.8000 42.693
5.8200 42.420
5.8400 34.694
5.8600 42.508
5.8800 50.211
5.9000 32.782
5.9200 47.228
5.9400 42.795
5.9600 38.237
5.9800 54.095
6.0000 46.674
6.0200 34.911
6.0400 42.561
6.0600 45.581
6.0800 40.995
6.1000 46.232
6.1200 41.743
6.1400 46.152
6.1600 50.787
6.1800 38.109
6.2000 43.389
6.2200 39.397
6.2400 42.948
6.2600 35.068
6.2800 38.722
6.3000 41.028
6.3200 47.605
6.3400 49.090
6.3600 34.285
6.3800 37.465
6.4000 46.121
6.4200 30.292
6.4400 39.475
6.4600 41.677
6.4800 49.810
6.5000 46.411
6.5200 40.319
6.5400 40.078
6.5600 40.795
6.5800 51.444
6.6000 39.742
6.6200 40.495
6.6400 44.440
6.6600 41.606
6.6800 41.154
6.7000 35.661
6.7200 42.283
6.7400 39.698
6.7600 49.363
6.7800 46.292
6.8000 42.235
6.8200 46.397
6.8400 40.355
6.8600 48.714
6.8800 42.376
6.9000 45.915
6.9200 34.677
6.9400 44.509
6.9600 32.307
6.9800 30.231
7.0000 40.623
7.0200 37.057
7.0400 43.448
7.0600 55.940
7.0800 37.488
7.1000 38.741
7.1200 43.724
7.1400 45.457
7.1600 41.448
7.1800 41.277
7.2000 46.735
7.2200 45.646
7.2400 36.332
7.2600 42.066
7.2800 42.760
7.3000 36.228
7.3200 44.121
7.3400 37.421
7.3600 48.408
7.3800 43.739
7.4000 43.126
7.4200 39.051
7.4400 41.892
7.4600 30.625
7.4800 35.830
7.5000 44.802
7.5200 29.861
7.5400 47.719
7.5600 32.169
7.5800 47.193
7.6000 37.587
7.6200 47.341
7.6400 43.460
7.6600 33.460
7.6800 50.183
7.7000 51.345
7.7200 42.307
7.7400 41.066
7.7600 41.757
7.7800 36.872
7.8000 49.322
7.8200 39.480
7.8400 42.437
7.8600 37.991
7.8800 39.002
7.9000 35.099
7.9200 50.314
7.9400 41.854
7.9600 48.582
7.9800 42.873
8.0000 38.634
8.0200 40.847
8.0400 39.453
8.0600 42.869
8.0800 40.576
8.1000 41.035
8.1200 34.571
8.1400 38.008
8.1600 52.780
8.1800 38.836
8.2000 36.545
8.2200 44.901
8.2400 51.328
8.2600 34.167
8.2800 41.647
8.3000 39.113
8.3200 32.346
8.3400 47.329
8.3600 42.785
8.3800 43.362
8.4000 38.426
8.4200 45.676
8.4400 39.718
8.4600 42.104
8.4800 36.318
8.5000 35.678
8.5200 50.995
8.5400 39.946
8.5600 44.746
8.5800 42.800
8.6000 40.363
8.6200 39.969
8.6400 46.804
8.6600 41.220
8.6800 42.129
8.7000 43.178
8.7200 50.111
8.7400 47.142
8.7600 45.362
8.7800 39.692
8.8000 34.788
8.8200 48.784
8.8400 48.893
8.8600 42.257
8.8800 46.359
8.9000 47.804
8.9200 48.109
8.9400 48.657
8.9600 40.402
8.9800 52.233
9.0000 35.670
9.0200 48.327
9.0400 46.128
9.0600 48.413
9.0800 54.452
9.1000 52.092
9.1200 36.321
9.1400 33.067
9.1600 48.107
9.1800 37.123
9.2000 43.146
9.2200 48.265
9.2400 33.371
9.2600 30.581
9.2800 44.804
9.3000 43.521
9.3200 41.787
9.3400 43.500
9.3600 38.113
9.3800 34.202
9.4000 42.290
9.4200 37.467
9.4400 33.443
9.4600 46.345
9.4800 42.950
9.5000 45.764
9.5200 37.396
9.5400 39.391
9.5600 37.352
9.5800 38.033
9.6000 44.532
9.6200 38.669
9.6400 45.510
9.6600 45.420
9.6800 55.539
9.7000 35.038
9.7200 48.729
9.7400 42.872
9.7600 43.332
9.7800 34.724
9.8000 40.669
9.8200 47.896
9.8400 42.949
9.8600 43.937
9.8800 41.714
9.9000 50.392
9.9200 43.343
9.9400 30.277
9.9600 39.334
9.9800 31.680
10.0000 23.991
10.0200 40.326
10.0400 51.515
10.0600 43.804
10.0800 36.493
10.1000 37.891
10.1200 50.326
10.1400 44.495
10.1600 43.844
10.1800 43.242
10.2000 43.800
10.2200 48.409
10.2400 46.899
10.2600 44.885
10.2800 37.341
10.3000 46.672
10.3200 39.507
10.3400 50.182
10.3600 36.000
10.3800 42.807
10.4000 43.596
10.4200 35.699
10.4400 53.986
10.4600 52.423
10.4800 40.886
10.5000 48.305
10.5200 45.954
10.5400 28.008
10.5600 45.198
10.5800 43.335
10.6000 44.209
10.6200 37.256
10.6400 42.108
10.6600 42.661
10.6800 50.867
10.7000 45.752
10.7200 43.719
10.7400 52.933
10.7600 40.435
10.7800 41.436
10.8000 32.879
10.8200 53.202
10.8400 49.580
10.8600 49.302
10.8800 47.821
10.9000 44.476
10.9200 45.115
10.9400 42.317
10.9600 42.614
10.9800 44.169
11.0000 52.921
11.0200 47.191
11.0400 43.513
11.0600 40.395
11.0800 40.068
11.1000 53.501
11.1200 46.932
11.1400 44.304
11.1600 41.829
11.1800 37.259
11.2000 43.519
11.2200 49.169
11.2400 41.579
11.2600 42.578
11.2800 42.622
11.3000 44.613
11.3200 34.404
11.3400 42.557
11.3600 38.850
11.3800 49.291
11.4000 39.366
11.4200 47.459
11.4400 53.151
11.4600 42.129
11.4800 40.409
11.5000 45.174
11.5200 44.020
11.5400 38.077
11.5600 46.812
11.5800 56.146
11.6000 42.511
11.6200 42.850
11.6400 37.804
11.6600 45.996
11.6800 36.606
11.7000 37.453
11.7200 51.780
11.7400 38.676
11.7600 50.604
11.7800 53.269
11.8000 45.686
11.8200 47.457
11.8400 55.858
11.8600 42.971
11.8800 40.600
11.9000 36.046
11.9200 44.422
11.9400 53.054
11.9600 49.944
11.9800 38.540
12.0000 39.068
12.0200 41.182
12.0400 45.968
12.0600 42.989
12.0800 45.515
12.1000 46.015
12.1200 42.449
12.1400 44.008
12.1600 45.496
12.1800 43.759
12.2000 47.291
12.2200 55.502
12.2400 47.836
12.2600 44.626
12.2800 34.181
12.3000 46.633
12.3200 32.632
12.3400 35.865
12.3600 49.454
12.3800 48.570
12.4000 43.440
12.4200 34.087
12.4400 42.126
12.4600 40.289
12.4800 48.189
12.5000 57.921
12.5200 45.684
12.5400 39.713
12.5600 37.373
12.5800 44.067
12.6000 43.350
12.6200 37.512
12.6400 45.136
12.6600 37.571
12.6800 51.250
12.7000 51.218
12.7200 52.014
12.7400 44.224
12.7600 53.589
12.7800 56.719
12.8000 68.450
12.8200 92.001
12.8400 123.861
12.8600 179.028
12.8800 268.937
12.9000 358.046
12.9200 466.785
12.9400 576.428
12.9600 647.631
12.9800 708.174
13.0000 725.507
13.0200 692.818
13.0400 615.311
13.0600 525.448
13.0800 413.080
13.1000 302.610
13.1200 217.991
13.1400 162.190
13.1600 113.725
13.1800 69.662
13.2000 71.403
13.2200 57.172
13.2400 56.701
13.2600 44.013
13.2800 43.527
13.3000 38.134
13.3200 59.965
13.3400 43.642
13.3600 54.209
13.3800 40.801
13.4000 45.674
13.4200 34.669
13.4400 42.407
13.4600 50.614
13.4800 37.208
13.5000 51.158
13.5200 46.755
13.5400 38.475
13.5600 41.736
13.5800 41.999
13.6000 44.463
13.6200 41.550
13.6400 39.810
13.6600 42.953
13.6800 38.627
13.7000 37.058
13.7200 44.513
13.7400 50.106
13.7600 35.640
13.7800 44.844
13.8000 40.930
13.8200 38.974
13.8400 49.965
13.8600 41.742
13.8800 53.848
13.9000 40.186
13.9200 47.191
13.9400 43.515
13.9600 40.362
13.9800 48.419
14.0000 43.970
14.0200 48.526
14.0400 44.630
14.0600 38.406
14.0800 44.316
14.1000 45.247
14.1200 50.693
14.1400 39.511
14.1600 44.720
14.1800 34.632
14.2000 48.879
14.2200 38.488
14.2400 34.146
14.2600 44.636
14.2800 51.632
14.3000 35.858
14.3200 38.484
14.3400 40.559
14.3600 38.249
14.3800 47.310
14.4000 40.196
14.4200 40.718
14.4400 48.554
14.4600 40.528
14.4800 47.665
14.5000 39.247
14.5200 37.809
14.5400 34.076
14.5600 56.263
14.5800 43.181
14.6000 46.574
14.6200 44.931
14.6400 46.084
14.6600 45.429
14.6800 56.587
14.7000 38.911
14.7200 35.807
14.7400 39.087
14.7600 37.158
14.7800 49.655
14.8000 50.102
14.8200 39.419
14.8400 36.851
14.8600 43.072
14.8800 53.555
14.9000 28.298
14.9200 48.382
14.9400 38.774
14.9600 51.478
14.9800 38.775
15.0000 43.538
15.0200 36.219
15.0400 39.400
15.0600 53.586
15.0800 50.201
15.1000 42.875
15.1200 40.071
15.1400 33.936
15.1600 42.944
15.1800 45.128
15.2000 44.816
15.2200 44.764
15.2400 38.603
15.2600 44.943
15.2800 45.116
15.3000 53.098
15.3200 56.562
15.3400 44.547
15.3600 40.778
15.3800 44.993
15.4000 41.744
15.4200 40.942
15.4400 45.052
15.4600 39.151
15.4800 49.055
15.5000 44.802
15.5200 46.932
15.5400 44.341
15.5600 41.082
15.5800 39.765
15.6000 44.036
15.6200 42.174
15.6400 46.877
15.6600 45.454
15.6800 37.314
15.7000 45.898
15.7200 37.445
15.7400 41.810
15.7600 43.750
15.7800 33.071
15.8000 46.079
15.8200 46.443
15.8400 44.596
15.8600 43.005
15.8800 43.316
15.9000 39.706
15.9200 43.954
15.9400 42.263
15.9600 46.136
15.9800 38.368
16.0000 47.014
16.0200 46.466
16.0400 44.765
16.0600 42.986
16.0800 48.942
16.1000 35.647
16.1200 48.405
16.1400 47.107
16.1600 47.356
16.1800 47.963
16.2000 41.748
16.2200 44.120
16.2400 49.506
16.2600 48.275
16.2800 46.938
16.3000 36.619
16.3200 48.939
16.3400 52.736
16.3600 51.784
16.3800 47.136
16.4000 36.394
16.4200 51.402
16.4400 44.870
16.4600 30.566
16.4800 48.031
16.5000 36.822
16.5200 38.003
16.5400 41.979
16.5600 53.432
16.5800 43.578
16.6000 47.436
16.6200 56.305
16.6400 55.388
16.6600 45.211
16.6800 44.389
16.7000 38.280
16.7200 41.685
16.7400 48.411
16.7600 48.240
16.7800 46.534
16.8000 51.849
16.8200 41.253
16.8400 45.558
16.8600 50.288
16.8800 49.413
16.9000 52.341
16.9200 48.304
16.9400 44.073
16.9600 48.109
16.9800 39.927
17.0000 36.113
17.0200 49.441
17.0400 45.633
17.0600 47.821
17.0800 35.792
17.1000 43.794
17.1200 42.393
17.1400 40.814
17.1600 32.476
17.1800 44.004
17.2000 51.404
17.2200 48.313
17.2400 42.428
17.2600 45.952
17.2800 50.589
17.3000 29.492
17.3200 45.315
17.3400 49.328
17.3600 50.169
17.3800 56.287
17.4000 52.900
17.4200 47.972
17.4400 47.916
17.4600 50.833
17.4800 42.882
17.5000 45.884
17.5200 51.569
17.5400 57.884
17.5600 45.190
17.5800 45.863
17.6000 47.351
17.6200 54.226
17.6400 45.992
17.6600 54.997
17.6800 40.388
17.7000 45.079
17.7200 45.013
17.7400 50.928
17.7600 52.488
17.7800 37.166
17.8000 40.739
17.8200 48.258
17.8400 42.292
17.8600 37.116
17.8800 52.489
17.9000 49.229
17.9200 49.231
17.9400 43.426
17.9600 52.460
17.9800 44.853
18.0000 52.879
18.0200 40.837
18.0400 41.189
18.0600 47.549
18.0800 42.114
18.1000 50.388
18.1200 47.903
18.1400 40.811
18.1600 46.793
18.1800 44.255
18.2000 51.865
18.2200 42.582
18.2400 43.749
18.2600 53.658
18.2800 59.830
18.3000 58.399
18.3200 46.791
18.3400 47.732
18.3600 55.627
18.3800 45.686
18.4000 40.582
18.4200 47.148
18.4400 49.163
18.4600 41.486
18.4800 36.591
18.5000 37.855
18.5200 50.475
18.5400 41.939
18.5600 45.648
18.5800 47.778
18.6000 50.225
18.6200 44.508
18.6400 49.516
18.6600 41.191
18.6800 44.368
18.7000 40.399
18.7200 53.343
18.7400 46.397
18.7600 42.130
18.7800 44.459
18.8000 45.250
18.8200 50.790
18.8400 37.020
18.8600 40.378
18.8800 44.339
18.9000 61.809
18.9200 52.356
18.9400 45.960
18.9600 50.908
18.9800 58.988
19.0000 45.248
19.0200 44.459
19.0400 53.936
19.0600 49.636
19.0800 50.706
19.1000 43.636
19.1200 58.237
19.1400 56.957
19.1600 50.102
19.1800 50.819
19.2000 34.556
19.2200 50.553
19.2400 45.569
19.2600 49.344
19.2800 50.843
19.3000 44.707
19.3200 36.619
19.3400 48.976
19.3600 42.328
19.3800 44.802
19.4000 43.163
19.4200 44.748
19.4400 32.947
19.4600 54.113
19.4800 48.338
19.5000 53.493
19.5200 58.711
19.5400 46.975
19.5600 36.031
19.5800 41.490
19.6000 39.619
19.6200 43.856
19.6400 47.352
19.6600 34.868
19.6800 48.943
19.7000 37.833
19.7200 48.686
19.7400 46.252
19.7600 45.034
19.7800 46.485
19.8000 43.691
19.8200 43.262
19.8400 36.847
19.8600 46.773
19.8800 58.031
19.9000 58.848
19.9200 54.903
19.9400 51.214
19.9600 42.927
19.9800 55.650
20.0000 46.663
20.0200 46.594
20.0400 45.267
20.0600 47.573
20.0800 44.417
20.1000 46.532
20.1200 40.534
20.1400 44.807
20.1600 60.739
20.1800 46.645
20.2000 45.638
20.2200 50.271
20.2400 51.333
20.2600 40.408
20.2800 45.855
20.3000 52.615
20.3200 48.731
20.3400 47.851
20.3600 56.450
20.3800 43.066
20.4000 47.636
20.4200 44.027
20.4400 56.096
20.4600 35.450
20.4800 43.147
20.5000 44.000
20.5200 51.163
20.5400 50.827
20.5600 55.567
20.5800 37.759
20.6000 51.713
20.6200 45.457
20.6400 43.230
20.6600 50.468
20.6800 41.717
20.7000 34.784
20.7200 45.031
20.7400 38.272
20.7600 43.373
20.7800 49.502
20.8000 49.152
20.8200 56.808
20.8400 46.096
20.8600 38.101
20.8800 42.771
20.9000 41.799
20.9200 40.015
20.9400 49.941
20.9600 43.465
20.9800 35.479
21.0000 51.532
21.0200 46.688
21.0400 49.505
21.0600 48.005
21.0800 51.168
21.1000 47.613
21.1200 54.809
21.1400 49.949
21.1600 49.758
21.1800 49.872
21.2000 38.680
21.2200 46.439
21.2400 45.878
21.2600 48.686
21.2800 39.296
21.3000 57.260
21.3200 48.088
21.3400 40.201
21.3600 37.223
21.3800 45.795
21.4000 46.952
21.4200 43.187
21.4400 48.057
21.4600 43.664
21.4800 50.828
21.5000 43.178
21.5200 47.301
21.5400 53.412
21.5600 62.976
21.5800 41.507
21.6000 44.773
21.6200 42.528
21.6400 52.280
21.6600 40.692
21.6800 44.682
21.7000 47.417
21.7200 41.730
21.7400 41.865
21.7600 44.762
21.7800 35.020
21.8000 38.957
21.8200 45.159
21.8400 48.533
21.8600 46.536
21.8800 37.014
21.9000 44.882
21.9200 52.463
21.9400 51.014
21.9600 47.214
21.9800 42.369
22.0000 51.487
22.0200 44.233
22.0400 40.699
22.0600 42.908
22.0800 56.418
22.1000 49.056
22.1200 54.697
22.1400 44.873
22.1600 53.385
22.1800 44.154
22.2000 46.825
22.2200 62.695
22.2400 52.387
22.2600 44.784
22.2800 47.289
22.3000 49.762
22.3200 55.075
22.3400 44.884
22.3600 37.378
22.3800 46.155
22.4000 47.932
22.4200 48.504
22.4400 55.754
22.4600 49.761
22.4800 52.746
22.5000 41.268
22.5200 53.089
22.5400 60.466
22.5600 52.533
22.5800 49.424
22.6000 48.834
22.6200 58.640
22.6400 42.361
22.6600 47.264
22.6800 50.699
22.7000 52.409
22.7200 45.328
22.7400 49.803
22.7600 46.298
22.7800 48.696
22.8000 47.187
22.8200 41.137
22.8400 47.867
22.8600 53.264
22.8800 42.206
22.9000 46.568
22.9200 52.011
22.9400 41.610
22.9600 49.132
22.9800 41.682
23.0000 54.858
23.0200 61.934
23.0400 60.198
23.0600 46.756
23.0800 52.519
23.1000 48.811
23.1200 48.705
23.1400 57.386
23.1600 40.191
23.1800 54.445
23.2000 47.826
23.2200 56.578
23.2400 49.257
23.2600 44.105
23.2800 49.811
23.3000 52.571
23.3200 48.377
23.3400 51.097
23.3600 45.046
23.3800 35.380
23.4000 53.590
23.4200 52.392
23.4400 49.093
23.4600 48.621
23.4800 54.436
23.5000 45.482
23.5200 43.993
23.5400 47.108
23.5600 55.381
23.5800 39.930
23.6000 55.411
23.6200 44.431
23.6400 41.670
23.6600 55.841
23.6800 47.707
23.7000 40.494
23.7200 46.150
23.7400 53.895
23.7600 55.468
23.7800 45.760
23.8000 50.768
23.8200 52.622
23.8400 44.476
23.8600 50.481
23.8800 48.167
23.9000 45.149
23.9200 45.419
23.9400 48.781
23.9600 48.565
23.9800 45.000
24.0000 45.844
24.0200 55.087
24.0400 49.697
24.0600 53.732
24.0800 55.639
24.1000 51.968
24.1200 62.067
24.1400 43.497
24.1600 53.306
24.1800 46.554
24.2000 59.605
24.2200 58.680
24.2400 36.759
24.2600 42.678
24.2800 52.484
24.3000 53.244
24.3200 52.931
24.3400 48.094
24.3600 51.257
24.3800 52.451
24.4000 48.073
24.4200 54.711
24.4400 34.997
24.4600 52.364
24.4800 42.364
24.5000 54.327
24.5200 47.210
24.5400 43.256
24.5600 50.839
24.5800 43.135
24.6000 43.133
24.6200 39.213
24.6400 48.464
24.6600 51.612
24.6800 54.776
24.7000 47.795
24.7200 54.939
24.7400 48.767
24.7600 48.106
24.7800 52.114
24.8000 55.030
24.8200 46.638
24.8400 47.231
24.8600 47.736
24.8800 49.205
24.9000 43.313
24.9200 54.890
24.9400 46.327
24.9600 51.511
24.9800 43.790
25.0000 50.903
25.0200 51.107
25.0400 46.240
25.0600 60.896
25.0800 51.004
25.1000 59.447
25.1200 54.547
25.1400 44.825
25.1600 46.513
25.1800 51.430
25.2000 49.187
25.2200 49.124
25.2400 47.117
25.2600 37.990
25.2800 47.495
25.3000 35.546
25.3200 51.093
25.3400 44.513
25.3600 44.583
25.3800 47.567
25.4000 50.526
25.4200 40.305
25.4400 38.412
25.4600 42.515
25.4800 36.668
25.5000 43.124
25.5200 58.477
25.5400 42.599
25.5600 52.854
25.5800 40.723
25.6000 50.755
25.6200 47.049
25.6400 48.615
25.6600 52.394
25.6800 59.525
25.7000 50.163
25.7200 49.748
25.7400 43.169
25.7600 52.516
25.7800 47.547
25.8000 54.022
25.8200 48.775
25.8400 59.489
25.8600 37.154
25.8800 47.278
25.9000 54.354
25.9200 46.968
25.9400 44.326
25.9600 47.491
25.9800 40.813
26.0000 49.814
26.0200 63.750
26.0400 55.984
26.0600 42.467
26.0800 43.888
26.1000 46.707
26.1200 55.168
26.1400 44.220
26.1600 45.015
26.1800 54.471
26.2000 54.358
26.2200 46.934
26.2400 42.477
26.2600 39.893
26.2800 45.004
26.3000 35.822
26.3200 53.711
26.3400 45.439
26.3600 52.114
26.3800 60.443
26.4000 56.278
26.4200 42.340
26.4400 54.469
26.4600 56.208
26.4800 44.790
26.5000 43.555
26.5200 48.624
26.5400 39.680
26.5600 58.120
26.5800 34.871
26.6000 42.669
26.6200 47.700
26.6400 47.961
26.6600 50.328
26.6800 50.967
26.7000 48.063
26.7200 56.173
26.7400 36.523
26.7600 49.365
26.7800 45.085
26.8000 50.175
26.8200 50.712
26.8400 43.923
26.8600 45.555
26.8800 54.164
26.9000 51.509
26.9200 45.341
26.9400 61.668
26.9600 63.291
26.9800 40.668
27.0000 51.261
27.0200 64.511
27.0400 54.167
27.0600 50.797
27.0800 48.230
27.1000 46.238
27.1200 48.217
27.1400 46.195
27.1600 53.975
27.1800 47.124
27.2000 46.873
27.2200 42.314
27.2400 49.236
27.2600 44.176
27.2800 48.463
27.3000 55.806
27.3200 51.758
27.3400 52.597
27.3600 51.713
27.3800 49.938
27.4000 48.826
27.4200 47.750
27.4400 54.159
27.4600 43.106
27.4800 57.662
27.5000 49.829
27.5200 45.140
27.5400 46.704
27.5600 45.584
27.5800 50.614
27.6000 45.353
27.6200 56.520
27.6400 44.984
27.6600 36.046
27.6800 45.302
27.7000 37.644
27.7200 49.463
27.7400 56.064
27.7600 53.603
27.7800 41.697
27.8000 45.156
27.8200 60.409
27.8400 51.655
27.8600 49.776
27.8800 56.094
27.9000 64.481
27.9200 57.551
27.9400 50.615
27.9600 51.914
27.9800 53.495
28.0000 46.124
28.0200 43.455
28.0400 50.129
28.0600 44.138
28.0800 49.459
28.1000 50.412
28.1200 63.888
28.1400 44.743
28.1600 49.125
28.1800 48.877
28.2000 52.494
28.2200 56.157
28.2400 46.941
28.2600 44.963
28.2800 40.054
28.3000 44.348
28.3200 53.131
28.3400 50.193
28.3600 43.833
28.3800 47.696
28.4000 50.129
28.4200 52.969
28.4400 46.394
28.4600 48.458
28.4800 39.057
28.5000 43.067
28.5200 59.688
28.5400 36.860
28.5600 47.969
28.5800 51.318
28.6000 47.764
28.6200 45.168
28.6400 49.658
28.6600 50.001
28.6800 49.545
28.7000 38.779
28.7200 49.168
28.7400 44.928
28.7600 46.780
28.7800 51.435
28.8000 53.924
28.8200 55.468
28.8400 47.116
28.8600 55.645
28.8800 57.150
28.9000 56.935
28.9200 58.461
28.9400 49.255
28.9600 49.091
28.9800 55.093
29.0000 41.951
29.0200 51.414
29.0400 46.981
29.0600 47.958
29.0800 39.729
29.1000 44.842
29.1200 50.069
29.1400 55.530
29.1600 56.146
29.1800 49.731
29.2000 49.084
29.2200 45.243
29.2400 52.648
29.2600 48.756
29.2800 53.883
29.3000 60.765
29.3200 50.068
29.3400 41.285
29.3600 45.111
29.3800 41.534
29.4000 43.107
29.4200 58.129
29.4400 51.664
29.4600 41.190
29.4800 54.240
29.5000 57.887
29.5200 48.173
29.5400 46.283
29.5600 48.322
29.5800 52.061
29.6000 54.200
29.6200 57.460
29.6400 57.649
29.6600 57.493
29.6800 58.560
29.7000 54.363
29.7200 41.217
29.7400 49.623
29.7600 52.300
29.7800 48.124
29.8000 55.898
29.8200 48.276
29.8400 44.890
29.8600 59.117
29.8800 54.454
29.9000 51.781
29.9200 56.032
29.9400 56.854
29.9600 52.532
29.9800 35.747
30.0000 46.446
30.0200 47.768
30.0400 44.609
30.0600 51.713
30.0800 57.681
30.1000 47.626
30.1200 43.733
30.1400 62.717
30.1600 47.847
30.1800 43.165
30.2000 51.996
30.2200 53.131
30.2400 46.354
30.2600 55.334
30.2800 47.674
30.3000 45.067
30.3200 51.684
30.3400 55.244
30.3600 46.823
30.3800 52.617
30.4000 50.079
30.4200 67.594
30.4400 46.403
30.4600 58.966
30.4800 50.354
30.5000 49.914
30.5200 55.012
30.5400 56.053
30.5600 58.298
30.5800 52.675
30.6000 47.108
30.6200 47.491
30.6400 53.782
30.6600 54.216
30.6800 59.126
30.7000 53.256
30.7200 57.113
30.7400 59.860
30.7600 51.755
30.7800 41.860
30.8000 43.704
30.8200 42.160
30.8400 60.344
30.8600 45.717
30.8800 58.199
30.9000 54.329
30.9200 61.114
30.9400 56.848
30.9600 50.222
30.9800 49.643
31.0000 51.361
31.0200 51.909
31.0400 47.680
31.0600 50.675
31.0800 60.534
31.1000 40.672
31.1200 52.443
31.1400 45.457
31.1600 52.028
31.1800 55.952
31.2000 50.574
31.2200 55.565
31.2400 41.395
31.2600 57.583
31.2800 47.329
31.3000 54.689
31.3200 52.057
31.3400 35.456
31.3600 46.440
31.3800 52.306
31.4000 60.314
31.4200 52.721
31.4400 52.550
31.4600 42.535
31.4800 59.605
31.5000 61.867
31.5200 51.203
31.5400 49.720
31.5600 41.332
31.5800 56.353
31.6000 67.274
31.6200 55.370
31.6400 58.656
31.6600 54.334
31.6800 45.178
31.7000 59.115
31.7200 43.695
31.7400 49.845
31.7600 52.789
31.7800 56.420
31.8000 53.626
31.8200 53.458
31.8400 46.575
31.8600 43.415
31.8800 51.527
31.9000 46.904
31.9200 43.325
31.9400 43.583
31.9600 48.245
31.9800 40.078
32.0000 43.115
32.0200 41.396
32.0400 52.308
32.0600 53.669
32.0800 63.271
32.1000 42.250
32.1200 47.164
32.1400 56.725
32.1600 49.955
32.1800 49.301
32.2000 61.525
32.2200 49.247
32.2400 44.347
32.2600 43.389
32.2800 53.312
32.3000 53.136
32.3200 43.082
32.3400 45.407
32.3600 54.534
32.3800 54.797
32.4000 47.481
32.4200 55.080
32.4400 54.785
32.4600 40.663
32.4800 49.496
32.5000 53.866
32.5200 47.944
32.5400 38.555
32.5600 49.698
32.5800 55.916
32.6000 60.892
32.6200 38.272
32.6400 67.104
32.6600 44.668
32.6800 57.180
32.7000 58.850
32.7200 57.350
32.7400 52.357
32.7600 44.497
32.7800 55.232
32.8000 47.189
32.8200 36.351
32.8400 68.467
32.8600 55.750
32.8800 62.416
32.9000 46.045
32.9200 60.327
32.9400 61.068
32.9600 60.863
32.9800 51.416
33.0000 44.335
33.0200 50.493
33.0400 38.347
33.0600 41.359
33.0800 52.130
33.1000 45.637
33.1200 50.605
33.1400 50.945
33.1600 63.190
33.1800 59.399
33.2000 51.351
33.2200 58.880
33.2400 46.956
33.2600 49.620
33.2800 57.109
33.3000 44.205
33.3200 49.988
33.3400 43.744
33.3600 52.381
33.3800 61.478
33.4000 47.177
33.4200 53.052
33.4400 46.320
33.4600 44.814
33.4800 44.303
33.5000 60.454
33.5200 65.907
33.5400 54.637
33.5600 47.448
33.5800 55.982
33.6000 49.754
33.6200 56.575
33.6400 53.520
33.6600 53.459
33.6800 55.432
33.7000 48.318
33.7200 49.376
33.7400 41.482
33.7600 49.165
33.7800 43.289
33.8000 50.962
33.8200 46.091
33.8400 52.451
33.8600 54.570
33.8800 43.337
33.9000 46.985
33.9200 46.212
33.9400 56.358
33.9600 62.124
33.9800 57.002
34.0000 49.803
34.0200 60.697
34.0400 42.829
34.0600 60.917
34.0800 47.991
34.1000 35.253
34.1200 67.847
34.1400 61.417
34.1600 45.765
34.1800 52.977
34.2000 50.683
34.2200 52.591
34.2400 43.085
34.2600 47.906
34.2800 54.819
34.3000 53.384
34.3200 59.332
34.3400 52.838
34.3600 66.991
34.3800 49.810
34.4000 58.206
34.4200 50.127
34.4400 63.121
34.4600 93.709
34.4800 103.396
34.5000 145.303
34.5200 184.579
34.5400 228.906
34.5600 285.595
34.5800 332.107
34.6000 366.846
34.6200 389.506
34.6400 381.761
34.6600 346.308
34.6800 300.680
34.7000 256.229
34.7200 202.157
34.7400 162.984
34.7600 136.010
34.7800 98.384
34.8000 75.260
34.8200 63.461
34.8400 53.127
34.8600 49.560
34.8800 47.396
34.9000 50.341
34.9200 49.888
34.9400 56.905
34.9600 50.301
34.9800 52.264
35.0000 48.007
35.0200 69.440
35.0400 71.610
35.0600 96.936
35.0800 123.005
35.1000 180.909
35.1200 253.647
35.1400 377.640
35.1600 543.018
35.1800 699.828
35.2000 903.379
35.2200 1078.318
35.2400 1196.541
35.2600 1255.183
35.2800 1234.436
35.3000 1123.214
35.3200 973.558
35.3400 780.284
35.3600 594.734
35.3800 428.967
35.4000 298.738
35.4200 203.349
35.4400 140.231
35.4600 88.721
35.4800 86.828
35.5000 69.796
35.5200 61.320
35.5400 52.021
35.5600 52.568
35.5800 56.055
35.6000 55.066
35.6200 42.164
35.6400 57.036
35.6600 70.412
35.6800 41.129
35.7000 58.613
35.7200 54.773
35.7400 51.823
35.7600 60.958
35.7800 45.241
35.8000 53.533
35.8200 61.549
35.8400 51.331
35.8600 49.975
35.8800 53.266
35.9000 49.824
35.9200 62.107
35.9400 46.988
35.9600 57.968
35.9800 44.873
36.0000 56.725
36.0200 51.960
36.0400 36.683
36.0600 52.584
36.0800 46.047
36.1000 49.894
36.1200 62.131
36.1400 45.758
36.1600 46.116
36.1800 61.548
36.2000 53.385
36.2200 62.185
36.2400 54.680
36.2600 47.249
36.2800 52.289
36.3000 60.291
36.3200 58.522
36.3400 52.740
36.3600 53.073
36.3800 52.169
36.4000 49.515
36.4200 65.502
36.4400 54.720
36.4600 49.888
36.4800 58.015
36.5000 72.513
36.5200 83.285
36.5400 95.071
36.5600 114.106
36.5800 145.657
36.6000 165.141
36.6200 196.328
36.6400 232.595
36.6600 238.253
36.6800 244.683
36.7000 238.436
36.7200 213.100
36.7400 180.999
36.7600 163.938
36.7800 126.972
36.8000 97.385
36.8200 86.495
36.8400 72.337
36.8600 56.818
36.8800 58.025
36.9000 54.108
36.9200 41.771
36.9400 52.270
36.9600 51.346
36.9800 50.295
37.0000 42.822
37.0200 50.775
37.0400 52.721
37.0600 53.600
37.0800 45.974
37.1000 56.886
37.1200 45.494
37.1400 51.619
37.1600 61.056
37.1800 48.742
37.2000 49.870
37.2200 59.647
37.2400 50.666
37.2600 51.209
37.2800 54.412
37.3000 59.526
37.3200 39.474
37.3400 47.962
37.3600 46.867
37.3800 46.397
37.4000 47.823
37.4200 47.928
37.4400 54.959
37.4600 47.638
37.4800 53.872
37.5000 55.594
37.5200 48.644
37.5400 53.942
37.5600 63.211
37.5800 55.133
37.6000 49.242
37.6200 52.768
37.6400 47.546
37.6600 54.844
37.6800 58.483
37.7000 48.167
37.7200 51.918
37.7400 60.033
37.7600 50.165
37.7800 54.376
37.8000 46.953
37.8200 48.216
37.8400 50.103
37.8600 66.309
37.8800 50.804
37.9000 50.085
37.9200 49.893
37.9400 52.285
37.9600 57.222
37.9800 54.430
38.0000 65.647
38.0200 54.590
38.0400 61.998
38.0600 54.981
38.0800 56.961
38.1000 44.673
38.1200 52.580
38.1400 52.935
38.1600 51.898
38.1800 40.446
38.2000 58.654
38.2200 51.054
38.2400 50.756
38.2600 51.860
38.2800 52.030
38.3000 55.848
38.3200 45.786
38.3400 47.833
38.3600 55.170
38.3800 54.306
38.4000 51.180
38.4200 50.004
38.4400 48.447
38.4600 53.111
38.4800 60.552
38.5000 47.127
38.5200 62.622
38.5400 58.553
38.5600 50.778
38.5800 58.201
38.6000 44.715
38.6200 43.128
38.6400 45.785
38.6600 51.073
38.6800 51.586
38.7000 50.454
38.7200 54.149
38.7400 40.748
38.7600 56.538
38.7800 45.057
38.8000 49.615
38.8200 51.110
38.8400 46.657
38.8600 45.375
38.8800 47.572
38.9000 53.543
38.9200 57.162
38.9400 57.014
38.9600 47.669
38.9800 48.894
39.0000 48.126
39.0200 56.356
39.0400 41.439
39.0600 61.101
39.0800 50.769
39.1000 48.984
39.1200 55.729
39.1400 59.895
39.1600 55.761
39.1800 60.029
39.2000 54.526
39.2200 61.105
39.2400 61.205
39.2600 53.144
39.2800 62.383
39.3000 54.744
39.3200 54.286
39.3400 48.251
39.3600 52.077
39.3800 58.550
39.4000 46.199
39.4200 58.438
39.4400 57.707
39.4600 59.600
39.4800 49.347
39.5000 70.616
39.5200 90.003
39.5400 105.157
39.5600 144.768
39.5800 176.054
39.6000 250.315
39.6200 303.268
39.6400 370.655
39.6600 400.565
39.6800 441.638
39.7000 436.580
39.7200 417.927
39.7400 362.035
39.7600 306.125
39.7800 262.637
39.8000 188.797
39.8200 144.989
39.8400 116.856
39.8600 96.782
39.8800 110.393
39.9000 131.197
39.9200 153.458
39.9400 205.130
39.9600 301.054
39.9800 395.829
40.0000 496.751
40.0200 595.237
40.0400 657.761
40.0600 701.155
40.0800 689.944
40.1000 643.478
40.1200 578.212
40.1400 469.522
40.1600 384.818
40.1800 278.319
40.2000 197.749
40.2200 149.667
40.2400 117.085
40.2600 85.023
40.2800 60.838
40.3000 62.904
40.3200 65.239
40.3400 52.332
40.3600 49.931
40.3800 60.391
40.4000 55.033
40.4200 47.548
40.4400 51.880
40.4600 49.628
40.4800 55.946
40.5000 54.833
40.5200 61.085
40.5400 58.447
40.5600 44.815
40.5800 56.645
40.6000 59.592
40.6200 56.952
40.6400 60.404
40.6600 50.934
40.6800 48.533
40.7000 59.825
40.7200 47.859
40.7400 41.302
40.7600 60.418
40.7800 49.928
40.8000 52.444
40.8200 45.899
40.8400 46.341
40.8600 47.361
40.8800 52.144
40.9000 56.535
40.9200 40.535
40.9400 58.842
40.9600 47.244
40.9800 47.945
41.0000 58.417
41.0200 53.909
41.0400 45.145
41.0600 65.439
41.0800 49.214
41.1000 55.869
41.1200 55.591
41.1400 62.867
41.1600 51.672
41.1800 60.462
41.2000 49.969
41.2200 61.160
41.2400 49.856
41.2600 52.268
41.2800 65.824
41.3000 56.357
41.3200 55.121
41.3400 67.921
41.3600 56.644
41.3800 49.586
41.4000 58.898
41.4200 47.407
41.4400 61.274
41.4600 61.747
41.4800 51.080
41.5000 50.758
41.5200 55.591
41.5400 54.624
41.5600 48.680
41.5800 57.962
41.6000 42.309
41.6200 51.970
41.6400 52.150
41.6600 52.941
41.6800 56.431
41.7000 47.227
41.7200 58.133
41.7400 53.528
41.7600 50.715
41.7800 46.422
41.8000 47.531
41.8200 56.799
41.8400 48.861
41.8600 55.036
41.8800 61.030
41.9000 60.861
41.9200 64.034
41.9400 52.901
41.9600 48.175
41.9800 60.816
42.0000 56.558
42.0200 61.451
42.0400 54.780
42.0600 61.895
42.0800 59.806
42.1000 59.034
42.1200 57.763
42.1400 57.135
42.1600 56.154
42.1800 56.119
42.2000 60.711
42.2200 51.706
42.2400 65.202
42.2600 54.167
42.2800 60.753
42.3000 54.388
42.3200 53.668
42.3400 67.860
42.3600 54.968
42.3800 51.564
42.4000 59.584
42.4200 70.264
42.4400 98.815
42.4600 108.012
42.4800 141.574
42.5000 167.177
42.5200 218.179
42.5400 263.973
42.5600 309.317
42.5800 320.991
42.6000 338.528
42.6200 327.618
42.6400 293.523
42.6600 261.283
42.6800 216.021
42.7000 160.666
42.7200 140.763
42.7400 110.950
42.7600 83.935
42.7800 64.623
42.8000 73.097
42.8200 61.090
42.8400 63.148
42.8600 64.337
42.8800 52.230
42.9000 60.017
42.9200 53.620
42.9400 54.668
42.9600 54.527
42.9800 55.036
43.0000 61.734
43.0200 55.800
43.0400 54.142
43.0600 53.412
43.0800 57.126
43.1000 49.716
43.1200 52.076
43.1400 54.785
43.1600 51.711
43.1800 54.402
43.2000 51.455
43.2200 67.151
43.2400 63.108
43.2600 57.841
43.2800 54.826
43.3000 68.300
43.3200 57.100
43.3400 54.648
43.3600 56.995
43.3800 57.019
43.4000 63.652
43.4200 55.083
43.4400 67.800
43.4600 49.919
43.4800 59.382
43.5000 49.214
43.5200 66.135
43.5400 53.256
43.5600 54.900
43.5800 60.807
43.6000 62.818
43.6200 48.667
43.6400 53.381
43.6600 47.356
43.6800 57.114
43.7000 56.797
43.7200 57.356
43.7400 58.818
43.7600 66.058
43.7800 71.749
43.8000 89.758
43.8200 108.070
43.8400 100.653
43.8600 123.924
43.8800 131.605
43.9000 141.937
43.9200 132.566
43.9400 131.260
43.9600 115.515
43.9800 113.158
44.0000 96.397
44.0200 82.884
44.0400 76.338
44.0600 65.426
44.0800 52.689
44.1000 62.535
44.1200 58.934
44.1400 55.348
44.1600 61.724
44.1800 62.920
44.2000 48.972
44.2200 50.810
44.2400 64.774
44.2600 64.006
44.2800 51.068
44.3000 48.421
44.3200 51.687
44.3400 52.530
44.3600 46.022
44.3800 55.720
44.4000 47.859
44.4200 48.285
44.4400 61.051
44.4600 51.462
44.4800 55.139
44.5000 59.350
44.5200 60.461
44.5400 53.567
44.5600 55.861
44.5800 50.651
44.6000 66.094
44.6200 59.517
44.6400 49.005
44.6600 55.655
44.6800 59.919
44.7000 58.521
44.7200 66.627
44.7400 63.893
44.7600 52.430
44.7800 55.138
44.8000 47.991
44.8200 57.184
44.8400 56.600
44.8600 71.922
44.8800 56.293
44.9000 43.155
44.9200 51.689
44.9400 56.403
44.9600 48.200
44.9800 50.540
45.0000 53.556
45.0200 57.808
45.0400 54.772
45.0600 50.436
45.0800 60.504
45.1000 52.547
45.1200 52.796
45.1400 47.521
45.1600 51.090
45.1800 59.724
45.2000 46.114
45.2200 55.400
45.2400 60.140
45.2600 53.578
45.2800 57.287
45.3000 49.154
45.3200 63.724
45.3400 62.475
45.3600 57.289
45.3800 45.353
45.4000 49.614
45.4200 61.757
45.4400 66.183
45.4600 57.691
45.4800 63.402
45.5000 52.278
45.5200 54.796
45.5400 55.946
45.5600 58.485
45.5800 46.780
45.6000 61.604
45.6200 63.902
45.6400 49.082
45.6600 47.849
45.6800 58.091
45.7000 52.069
45.7200 41.777
45.7400 60.861
45.7600 56.950
45.7800 53.163
45.8000 68.711
45.8200 56.870
45.8400 51.523
45.8600 56.658
45.8800 49.818
45.9000 51.495
45.9200 58.390
45.9400 52.754
45.9600 53.380
45.9800 66.107
46.0000 61.258
46.0200 60.924
46.0400 59.287
46.0600 59.026
46.0800 64.868
46.1000 56.018
46.1200 67.275
46.1400 50.441
46.1600 54.626
46.1800 47.891
46.2000 54.107
46.2200 59.288
46.2400 64.891
46.2600 52.211
46.2800 56.230
46.3000 54.050
46.3200 51.780
46.3400 49.083
46.3600 56.590
46.3800 45.841
46.4000 56.903
46.4200 56.373
46.4400 52.307
46.4600 50.196
46.4800 47.962
46.5000 67.503
46.5200 48.230
46.5400 65.635
46.5600 59.897
46.5800 54.119
46.6000 49.368
46.6200 62.572
46.6400 66.702
46.6600 50.727
46.6800 54.546
46.7000 62.655
46.7200 58.367
46.7400 68.359
46.7600 52.945
46.7800 59.627
46.8000 48.874
46.8200 68.962
46.8400 52.012
46.8600 43.153
46.8800 55.653
46.9000 55.578
46.9200 67.915
46.9400 54.396
46.9600 56.360
46.9800 60.004
47.0000 65.968
47.0200 56.078
47.0400 62.701
47.0600 59.580
47.0800 54.701
47.1000 56.950
47.1200 56.664
47.1400 51.003
47.1600 63.788
47.1800 48.199
47.2000 63.547
47.2200 62.254
47.2400 55.976
47.2600 51.948
47.2800 55.189
47.3000 59.392
47.3200 61.020
47.3400 58.291
47.3600 62.529
47.3800 53.238
47.4000 57.997
47.4200 47.187
47.4400 61.186
47.4600 57.530
47.4800 54.125
47.5000 63.594
47.5200 60.781
47.5400 39.741
47.5600 56.885
47.5800 47.923
47.6000 63.060
47.6200 71.601
47.6400 53.563
47.6600 57.128
47.6800 55.182
47.7000 58.800
47.7200 60.569
47.7400 64.432
47.7600 50.791
47.7800 66.153
47.8000 51.141
47.8200 58.400
47.8400 63.695
47.8600 61.030
47.8800 51.127
47.9000 52.553
47.9200 53.998
47.9400 56.472
47.9600 63.668
47.9800 49.042
48.0000 59.600
48.0200 60.467
48.0400 60.164
48.0600 59.619
48.0800 65.938
48.1000 59.763
48.1200 61.989
48.1400 60.246
48.1600 67.665
48.1800 45.610
48.2000 64.961
48.2200 56.327
48.2400 57.618
48.2600 56.450
48.2800 56.846
48.3000 76.249
48.3200 91.956
48.3400 126.101
48.3600 152.630
48.3800 219.639
48.4000 270.745
48.4200 328.233
48.4400 380.176
48.4600 419.378
48.4800 434.558
48.5000 429.491
48.5200 400.095
48.5400 348.418
48.5600 281.376
48.5800 228.537
48.6000 171.849
48.6200 135.905
48.6400 115.393
48.6600 87.456
48.6800 69.243
48.7000 54.239
48.7200 51.760
48.7400 48.313
48.7600 61.974
48.7800 52.689
48.8000 57.528
48.8200 53.379
48.8400 57.648
48.8600 65.513
48.8800 52.999
48.9000 55.069
48.9200 52.284
48.9400 62.376
48.9600 50.982
48.9800 50.345
49.0000 48.824
49.0200 48.706
49.0400 59.989
49.0600 72.586
49.0800 51.206
49.1000 62.894
49.1200 58.699
49.1400 50.587
49.1600 55.546
49.1800 55.815
49.2000 53.076
49.2200 68.811
49.2400 45.797
49.2600 59.527
49.2800 59.237
49.3000 53.777
49.3200 58.159
49.3400 62.535
49.3600 58.192
49.3800 59.787
49.4000 61.447
49.4200 45.105
49.4400 66.174
49.4600 70.981
49.4800 63.203
49.5000 63.407
49.5200 48.883
49.5400 56.628
49.5600 52.474
49.5800 53.830
49.6000 63.162
49.6200 52.544
49.6400 56.593
49.6600 45.930
49.6800 56.437
49.7000 57.935
49.7200 53.173
49.7400 53.090
49.7600 68.735
49.7800 50.165
49.8000 51.126
49.8200 52.583
49.8400 64.637
49.8600 70.060
49.8800 59.451
49.9000 53.161
49.9200 54.906
49.9400 63.868
49.9600 52.020
49.9800 66.211
50.0000 65.999
50.0200 57.928
50.0400 61.391
50.0600 62.019
50.0800 66.853
50.1000 51.226
50.1200 64.629
50.1400 55.298
50.1600 52.949
50.1800 58.179
50.2000 56.284
50.2200 51.652
50.2400 48.000
50.2600 51.938
50.2800 66.312
50.3000 69.380
50.3200 61.513
50.3400 64.735
50.3600 54.525
50.3800 57.170
50.4000 59.337
50.4200 51.159
50.4400 51.714
50.4600 58.244
50.4800 55.746
50.5000 51.294
50.5200 60.001
50.5400 56.109
50.5600 63.824
50.5800 57.672
50.6000 55.908
50.6200 58.483
50.6400 56.692
50.6600 53.723
50.6800 55.326
50.7000 62.242
50.7200 61.631
50.7400 65.476
50.7600 47.608
50.7800 55.414
50.8000 55.293
50.8200 58.818
50.8400 55.081
50.8600 54.722
50.8800 62.506
50.9000 58.884
50.9200 50.824
50.9400 65.836
50.9600 63.817
50.9800 54.399
51.0000 62.838
51.0200 53.446
51.0400 64.618
51.0600 56.564
51.0800 53.061
51.1000 55.646
51.1200 53.297
51.1400 59.052
51.1600 58.957
51.1800 58.128
51.2000 54.580
51.2200 35.961
51.2400 58.491
51.2600 46.564
51.2800 59.413
51.3000 64.740
51.3200 59.605
51.3400 55.632
51.3600 56.897
51.3800 57.185
51.4000 54.695
51.4200 54.494
51.4400 52.461
51.4600 65.140
51.4800 57.925
51.5000 63.763
51.5200 56.532
51.5400 58.472
51.5600 57.024
51.5800 60.830
51.6000 63.020
51.6200 59.505
51.6400 54.031
51.6600 53.401
51.6800 68.043
51.7000 56.415
51.7200 56.355
51.7400 66.899
51.7600 64.643
51.7800 61.326
51.8000 55.734
51.8200 72.256
51.8400 60.502
51.8600 61.433
51.8800 57.131
51.9000 49.679
51.9200 50.163
51.9400 60.621
51.9600 60.537
51.9800 56.753
52.0000 51.170
52.0200 49.557
52.0400 56.247
52.0600 49.484
52.0800 63.621
52.1000 65.151
52.1200 75.216
52.1400 63.519
52.1600 54.699
52.1800 53.033
52.2000 37.560
52.2200 54.708
52.2400 57.222
52.2600 64.098
52.2800 61.968
52.3000 61.835
52.3200 59.594
52.3400 62.284
52.3600 67.012
52.3800 51.944
52.4000 55.596
52.4200 50.016
52.4400 68.066
52.4600 66.142
52.4800 62.882
52.5000 51.184
52.5200 59.420
52.5400 56.981
52.5600 58.881
52.5800 57.274
52.6000 61.530
52.6200 56.048
52.6400 63.551
52.6600 59.879
52.6800 56.680
52.7000 57.774
52.7200 55.808
52.7400 63.342
52.7600 56.837
52.7800 60.242
52.8000 56.126
52.8200 49.576
52.8400 63.931
52.8600 52.152
52.8800 62.583
52.9000 61.036
52.9200 48.586
52.9400 52.861
52.9600 55.451
52.9800 53.619
53.0000 51.458
53.0200 62.998
53.0400 57.127
53.0600 60.885
53.0800 55.995
53.1000 60.417
53.1200 54.085
53.1400 58.440
53.1600 62.097
53.1800 58.883
53.2000 55.877
53.2200 52.107
53.2400 59.640
53.2600 60.711
53.2800 57.099
53.3000 54.042
53.3200 61.927
53.3400 73.591
53.3600 56.955
53.3800 60.967
53.4000 61.646
53.4200 44.994
53.4400 63.328
53.4600 62.765
53.4800 83.578
53.5000 88.050
53.5200 107.757
53.5400 144.690
53.5600 192.185
53.5800 243.101
53.6000 306.880
53.6200 357.696
53.6400 411.815
53.6600 445.399
53.6800 455.044
53.7000 424.365
53.7200 377.572
53.7400 325.845
53.7600 263.880
53.7800 211.004
53.8000 160.236
53.8200 117.286
53.8400 94.826
53.8600 78.641
53.8800 70.170
53.9000 64.569
53.9200 56.170
53.9400 47.081
53.9600 55.174
53.9800 46.851
54.0000 59.346
54.0200 58.946
54.0400 48.864
54.0600 63.051
54.0800 64.129
54.1000 59.510
54.1200 68.948
54.1400 70.179
54.1600 51.720
54.1800 65.183
54.2000 61.615
54.2200 61.487
54.2400 64.591
54.2600 54.676
54.2800 55.444
54.3000 54.045
54.3200 54.483
54.3400 58.428
54.3600 50.315
54.3800 52.759
54.4000 62.505
54.4200 58.621
54.4400 61.352
54.4600 47.725
54.4800 54.365
54.5000 55.742
54.5200 59.277
54.5400 55.571
54.5600 64.695
54.5800 58.753
54.6000 59.212
54.6200 59.198
54.6400 63.372
54.6600 56.301
54.6800 65.872
54.7000 61.905
54.7200 60.076
54.7400 59.409
54.7600 62.288
54.7800 65.265
54.8000 64.853
54.8200 61.442
54.8400 64.454
54.8600 59.911
54.8800 66.723
54.9000 59.055
54.9200 46.771
54.9400 67.256
54.9600 59.883
54.9800 52.217
55.0000 58.061
55.0200 53.954
55.0400 71.865
55.0600 62.257
55.0800 49.866
55.1000 62.562
55.1200 56.900
55.1400 70.800
55.1600 52.990
55.1800 45.831
55.2000 59.715
55.2200 57.239
55.2400 56.834
55.2600 46.494
55.2800 61.909
55.3000 69.395
55.3200 47.908
55.3400 66.396
55.3600 55.964
55.3800 73.477
55.4000 62.006
55.4200 58.270
55.4400 66.036
55.4600 62.567
55.4800 55.863
55.5000 63.686
55.5200 56.368
55.5400 48.708
55.5600 71.636
55.5800 57.356
55.6000 55.806
55.6200 61.499
55.6400 50.116
55.6600 51.360
55.6800 56.490
55.7000 56.377
55.7200 59.933
55.7400 66.244
55.7600 56.672
55.7800 62.480
55.8000 63.139
55.8200 53.033
55.8400 60.915
55.8600 53.895
55.8800 65.941
55.9000 62.296
55.9200 59.671
55.9400 51.541
55.9600 60.282
55.9800 54.991
56.0000 63.836
56.0200 58.891
56.0400 54.740
56.0600 65.174
56.0800 63.957
56.1000 56.075
56.1200 66.614
56.1400 57.859
56.1600 57.801
56.1800 60.406
56.2000 55.154
56.2200 57.027
56.2400 58.721
56.2600 68.873
56.2800 68.696
56.3000 58.152
56.3200 69.375
56.3400 59.459
56.3600 62.009
56.3800 65.034
56.4000 61.492
56.4200 74.238
56.4400 61.214
56.4600 52.575
56.4800 67.601
56.5000 57.303
56.5200 57.956
56.5400 41.839
56.5600 65.802
56.5800 64.714
56.6000 64.604
56.6200 65.687
56.6400 69.970
56.6600 59.555
56.6800 65.464
56.7000 55.382
56.7200 57.729
56.7400 66.200
56.7600 62.213
56.7800 51.873
56.8000 62.048
56.8200 58.790
56.8400 54.982
56.8600 62.507
56.8800 57.481
56.9000 50.492
56.9200 53.255
56.9400 70.544
56.9600 50.846
56.9800 61.280
57.0000 63.610
57.0200 63.792
57.0400 52.611
57.0600 58.042
57.0800 60.823
57.1000 64.786
57.1200 56.122
57.1400 53.018
57.1600 66.021
57.1800 66.644
57.2000 62.240
57.2200 56.374
57.2400 62.475
57.2600 60.697
57.2800 65.074
57.3000 52.560
57.3200 60.760
57.3400 59.115
57.3600 53.418
57.3800 61.377
57.4000 60.300
57.4200 57.635
57.4400 62.480
57.4600 51.598
57.4800 59.796
57.5000 62.713
57.5200 61.836
57.5400 66.598
57.5600 52.939
57.5800 51.106
57.6000 61.594
57.6200 62.898
57.6400 72.893
57.6600 63.881
57.6800 54.944
57.7000 65.031
57.7200 55.128
57.7400 51.294
57.7600 75.871
57.7800 62.178
57.8000 64.520
57.8200 63.618
57.8400 71.116
57.8600 61.956
57.8800 67.564
57.9000 54.101
57.9200 51.919
57.9400 68.838
57.9600 69.135
57.9800 63.357
58.0000 61.656
58.0200 61.304
58.0400 56.185
58.0600 69.553
58.0800 64.281
58.1000 63.370
58.1200 62.599
58.1400 66.636
58.1600 63.386
58.1800 64.835
58.2000 53.356
58.2200 63.437
58.2400 73.507
58.2600 57.280
58.2800 59.625
58.3000 65.757
58.3200 66.156
58.3400 64.166
58.3600 50.720
58.3800 63.443
58.4000 53.338
58.4200 55.499
58.4400 63.742
58.4600 58.686
58.4800 65.326
58.5000 79.364
58.5200 65.145
58.5400 64.826
58.5600 55.122
58.5800 56.645
58.6000 54.128
58.6200 57.321
58.6400 53.973
58.6600 56.573
58.6800 59.286
58.7000 54.542
58.7200 52.037
58.7400 52.390
58.7600 63.290
58.7800 60.931
58.8000 66.736
58.8200 66.854
58.8400 58.550
58.8600 64.621
58.8800 51.965
58.9000 74.313
58.9200 67.794
58.9400 59.339
58.9600 53.657
58.9800 62.923
59.0000 49.430
59.0200 55.983
59.0400 65.163
59.0600 61.145
59.0800 57.797
59.1000 66.571
59.1200 54.935
59.1400 63.568
59.1600 60.369
59.1800 61.278
59.2000 74.746
59.2200 75.674
59.2400 108.432
59.2600 116.052
59.2800 161.723
59.3000 180.051
59.3200 230.537
59.3400 258.371
59.3600 288.479
59.3800 315.163
59.4000 319.248
59.4200 291.622
59.4400 276.662
59.4600 226.673
59.4800 191.873
59.5000 155.966
59.5200 126.218
59.5400 88.481
59.5600 92.866
59.5800 76.317
59.6000 64.428
59.6200 57.616
59.6400 51.987
59.6600 53.239
59.6800 64.360
59.7000 58.921
59.7200 54.137
59.7400 57.755
59.7600 70.303
59.7800 58.940
59.8000 57.423
59.8200 69.041
59.8400 63.715
59.8600 61.217
59.8800 57.311
59.9000 51.651
59.9200 53.949
59.9400 58.096
59.9600 59.668
59.9800 63.130
60.0000 64.311
60.0200 62.345
60.0400 62.336
60.0600 54.976
60.0800 48.099
60.1000 57.910
60.1200 55.317
60.1400 57.133
60.1600 59.409
60.1800 53.601
60.2000 54.407
60.2200 60.475
60.2400 61.779
60.2600 57.155
60.2800 64.088
60.3000 59.788
60.3200 54.993
60.3400 61.363
60.3600 72.420
60.3800 57.083
60.4000 68.137
60.4200 69.414
60.4400 70.143
60.4600 56.225
60.4800 73.260
60.5000 61.873
60.5200 59.659
60.5400 59.807
60.5600 64.805
60.5800 61.510
60.6000 60.149
60.6200 68.919
60.6400 56.887
60.6600 54.972
60.6800 65.997
60.7000 65.467
60.7200 67.816
60.7400 54.826
60.7600 67.754
60.7800 64.165
60.8000 71.855
60.8200 53.797
60.8400 62.603
60.8600 59.636
60.8800 51.769
60.9000 57.026
60.9200 68.084
60.9400 58.515
60.9600 57.000
60.9800 66.553
61.0000 67.283
61.0200 67.278
61.0400 56.626
61.0600 61.023
61.0800 67.562
61.1000 57.449
61.1200 56.896
61.1400 66.368
61.1600 70.780
61.1800 54.501
61.2000 45.835
61.2200 52.725
61.2400 55.359
61.2600 60.615
61.2800 65.143
61.3000 60.576
61.3200 57.260
61.3400 62.389
61.3600 55.705
61.3800 61.201
61.4000 57.641
61.4200 77.579
61.4400 66.405
61.4600 56.503
61.4800 55.542
61.5000 58.915
61.5200 51.719
61.5400 57.308
61.5600 57.505
61.5800 67.783
61.6000 61.062
61.6200 61.109
61.6400 61.847
61.6600 69.592
61.6800 86.696
61.7000 100.618
61.7200 127.920
61.7400 139.906
61.7600 173.754
61.7800 190.714
61.8000 205.771
61.8200 203.009
61.8400 209.003
61.8600 217.656
61.8800 217.538
61.9000 211.805
61.9200 227.646
61.9400 247.602
61.9600 288.904
61.9800 337.592
62.0000 398.696
62.0200 436.678
62.0400 456.065
62.0600 453.643
62.0800 431.895
62.1000 382.988
62.1200 316.423
62.1400 269.283
62.1600 203.213
62.1800 154.514
62.2000 127.974
62.2200 101.047
62.2400 79.127
62.2600 74.010
62.2800 59.614
62.3000 59.821
62.3200 49.013
62.3400 69.434
62.3600 50.540
62.3800 65.956
62.4000 56.867
62.4200 55.976
62.4400 60.685
62.4600 63.460
62.4800 65.541
62.5000 72.505
62.5200 64.034
62.5400 67.176
62.5600 58.305
62.5800 66.185
62.6000 62.830
62.6200 59.138
62.6400 61.348
62.6600 61.559
62.6800 63.085
62.7000 64.353
62.7200 58.899
62.7400 57.514
62.7600 66.451
62.7800 51.794
62.8000 58.271
62.8200 71.303
62.8400 45.751
62.8600 57.843
62.8800 66.134
62.9000 52.113
62.9200 77.611
62.9400 46.499
62.9600 70.655
62.9800 71.387
63.0000 67.548
63.0200 60.727
63.0400 64.207
63.0600 56.688
63.0800 66.934
63.1000 55.366
63.1200 60.449
63.1400 68.076
63.1600 55.420
63.1800 59.927
63.2000 63.106
63.2200 54.076
63.2400 69.120
63.2600 64.186
63.2800 53.054
63.3000 61.873
63.3200 57.510
63.3400 58.224
63.3600 62.638
63.3800 57.930
63.4000 67.992
63.4200 58.009
63.4400 68.195
63.4600 62.184
63.4800 67.868
63.5000 60.029
63.5200 61.206
63.5400 58.895
63.5600 71.649
63.5800 77.094
63.6000 88.332
63.6200 88.091
63.6400 86.629
63.6600 87.997
63.6800 94.365
63.7000 92.749
63.7200 100.519
63.7400 94.398
63.7600 79.448
63.7800 75.539
63.8000 83.211
63.8200 72.840
63.8400 66.471
63.8600 72.754
63.8800 61.858
63.9000 61.634
63.9200 60.065
63.9400 50.817
63.9600 67.659
63.9800 55.173
64.0000 59.001
64.0200 57.948
64.0400 66.777
64.0600 62.010
64.0800 62.521
64.1000 52.358
64.1200 61.917
64.1400 53.591
64.1600 64.299
64.1800 64.663
64.2000 62.366
64.2200 74.736
64.2400 65.650
64.2600 66.066
64.2800 63.352
64.3000 61.348
64.3200 68.308
64.3400 69.128
64.3600 54.719
64.3800 68.860
64.4000 65.623
64.4200 68.311
64.4400 65.351
64.4600 55.095
64.4800 55.531
64.5000 73.523
64.5200 64.097
64.5400 54.085
64.5600 64.685
64.5800 60.430
64.6000 51.550
64.6200 48.876
64.6400 53.008
64.6600 64.262
64.6800 62.350
64.7000 61.150
64.7200 64.360
64.7400 66.266
64.7600 50.051
64.7800 60.866
64.8000 57.713
64.8200 55.288
64.8400 59.411
64.8600 61.964
64.8800 61.110
64.9000 53.987
64.9200 59.823
64.9400 74.824
64.9600 56.409
64.9800 52.620
65.0000 64.401
65.0200 66.337
65.0400 65.548
65.0600 56.053
65.0800 68.767
65.1000 58.073
65.1200 55.983
65.1400 59.148
65.1600 62.154
65.1800 67.098
65.2000 66.563
65.2200 62.692
65.2400 68.431
65.2600 63.330
65.2800 68.224
65.3000 54.432
65.3200 53.417
65.3400 67.523
65.3600 54.536
65.3800 61.074
65.4000 62.301
65.4200 59.969
65.4400 60.183
65.4600 71.267
65.4800 47.740
65.5000 68.228
65.5200 76.703
65.5400 63.081
65.5600 62.832
65.5800 67.311
65.6000 73.933
65.6200 55.839
65.6400 63.500
65.6600 61.864
65.6800 66.344
65.7000 63.950
65.7200 66.960
65.7400 60.479
65.7600 63.310
65.7800 59.001
65.8000 59.044
65.8200 62.188
65.8400 62.192
65.8600 56.016
65.8800 72.478
65.9000 62.254
65.9200 54.770
65.9400 69.688
65.9600 58.596
65.9800 66.143
66.0000 62.998
66.0200 64.611
66.0400 64.140
66.0600 59.670
66.0800 63.374
66.1000 75.334
66.1200 49.716
66.1400 63.545
66.1600 65.766
66.1800 56.849
66.2000 54.948
66.2200 76.130
66.2400 60.955
66.2600 75.665
66.2800 66.413
66.3000 63.662
66.3200 66.068
66.3400 67.029
66.3600 70.304
66.3800 65.848
66.4000 64.108
66.4200 64.305
66.4400 71.365
66.4600 68.163
66.4800 57.256
66.5000 59.461
66.5200 65.266
66.5400 59.551
66.5600 61.037
66.5800 57.567
66.6000 61.740
66.6200 65.859
66.6400 69.295
66.6600 63.386
66.6800 75.787
66.7000 62.887
66.7200 82.513
66.7400 69.369
66.7600 66.346
66.7800 60.379
66.8000 46.433
66.8200 62.456
66.8400 64.463
66.8600 74.936
66.8800 55.130
66.9000 74.850
66.9200 61.915
66.9400 67.773
66.9600 48.197
66.9800 64.277
67.0000 61.388
67.0200 67.552
67.0400 64.011
67.0600 56.618
67.0800 69.160
67.1000 67.653
67.1200 67.073
67.1400 69.552
67.1600 70.112
67.1800 63.382
67.2000 55.374
67.2200 55.217
67.2400 71.633
67.2600 67.804
67.2800 64.160
67.3000 60.947
67.3200 63.751
67.3400 63.718
67.3600 61.555
67.3800 59.389
67.4000 76.576
67.4200 64.968
67.4400 59.969
67.4600 55.799
67.4800 59.264
67.5000 67.943
67.5200 68.182
67.5400 62.329
67.5600 63.956
67.5800 61.823
67.6000 57.013
67.6200 71.477
67.6400 65.910
67.6600 78.539
67.6800 59.151
67.7000 62.870
67.7200 69.000
67.7400 62.238
67.7600 55.390
67.7800 58.030
67.8000 64.335
67.8200 65.797
67.8400 63.176
67.8600 69.772
67.8800 69.715
67.9000 65.702
67.9200 63.933
67.9400 62.262
67.9600 67.092
67.9800 69.311
68.0000 64.164
68.0200 66.507
68.0400 61.868
68.0600 55.352
68.0800 57.822
68.1000 68.430
68.1200 66.524
68.1400 73.390
68.1600 64.193
68.1800 69.052
68.2000 71.808
68.2200 69.844
68.2400 60.233
68.2600 62.784
68.2800 64.677
68.3000 57.990
68.3200 66.758
68.3400 70.063
68.3600 61.041
68.3800 75.768
68.4000 62.196
68.4200 62.729
68.4400 62.524
68.4600 59.711
68.4800 66.475
68.5000 64.095
68.5200 73.950
68.5400 67.633
68.5600 67.222
68.5800 62.674
68.6000 55.525
68.6200 63.480
68.6400 58.922
68.6600 69.742
68.6800 63.855
68.7000 74.039
68.7200 68.464
68.7400 69.072
68.7600 65.450
68.7800 65.325
68.8000 68.000
68.8200 69.623
68.8400 59.831
68.8600 67.055
68.8800 79.835
68.9000 63.577
68.9200 62.589
68.9400 59.974
68.9600 55.445
68.9800 71.276
69.0000 64.516
69.0200 65.955
69.0400 75.233
69.0600 79.226
69.0800 58.847
69.1000 70.512
69.1200 67.935
69.1400 66.597
69.1600 67.086
69.1800 64.084
69.2000 73.768
69.2200 67.927
69.2400 66.316
69.2600 71.738
69.2800 69.642
69.3000 67.032
69.3200 66.239
69.3400 74.820
69.3600 67.350
69.3800 63.761
69.4000 59.164
69.4200 62.250
69.4400 58.023
69.4600 64.974
69.4800 65.877
69.5000 52.038
69.5200 64.459
69.5400 68.250
69.5600 65.362
69.5800 58.641
69.6000 71.989
69.6200 60.205
69.6400 57.020
69.6600 57.912
69.6800 64.316
69.7000 70.307
69.7200 71.410
69.7400 65.681
69.7600 57.268
69.7800 60.495
69.8000 59.055
69.8200 63.378
69.8400 53.810
69.8600 65.128
69.8800 68.337
69.9000 63.579
69.9200 67.240
69.9400 58.854
69.9600 55.764
69.9800 60.677
70.0000 71.448
70.0200 70.692
70.0400 61.778
70.0600 71.749
70.0800 62.583
70.1000 73.611
70.1200 67.442
70.1400 61.841
70.1600 69.332
70.1800 59.919
70.2000 58.959
70.2200 55.874
70.2400 66.136
70.2600 64.272
70.2800 64.135
70.3000 62.146
70.3200 73.239
70.3400 62.077
70.3600 60.286
70.3800 72.110
70.4000 73.168
70.4200 66.680
70.4400 54.214
70.4600 61.063
70.4800 68.345
70.5000 64.781
70.5200 74.006
70.5400 56.488
70.5600 68.766
70.5800 60.941
70.6000 72.648
70.6200 64.266
70.6400 70.908
70.6600 60.846
70.6800 56.281
70.7000 58.083
70.7200 61.112
70.7400 58.610
70.7600 71.969
70.7800 72.806
70.8000 66.418
70.8200 58.582
70.8400 64.084
70.8600 60.685
70.8800 73.532
70.9000 66.711
70.9200 67.759
70.9400 62.431
70.9600 52.768
70.9800 60.216
71.0000 58.150
71.0200 67.079
71.0400 65.443
71.0600 60.061
71.0800 62.546
71.1000 74.284
71.1200 59.136
71.1400 59.391
71.1600 63.536
71.1800 60.718
71.2000 62.348
71.2200 68.116
71.2400 75.327
71.2600 54.264
71.2800 64.839
71.3000 65.204
71.3200 64.458
71.3400 63.846
71.3600 62.934
71.3800 71.008
71.4000 62.199
71.4200 64.233
71.4400 65.003
71.4600 65.656
71.4800 63.993
71.5000 71.020
71.5200 64.980
71.5400 66.083
71.5600 64.737
71.5800 59.035
71.6000 60.080
71.6200 58.767
71.6400 66.230
71.6600 60.800
71.6800 58.720
71.7000 66.524
71.7200 68.252
71.7400 54.544
71.7600 75.254
71.7800 65.317
71.8000 64.499
71.8200 71.538
71.8400 65.563
71.8600 61.528
71.8800 78.326
71.9000 58.719
71.9200 64.587
71.9400 70.265
71.9600 58.778
71.9800 64.610
72.0000 67.600
72.0200 79.823
72.0400 60.350
72.0600 66.035
72.0800 71.471
72.1000 70.178
72.1200 66.121
72.1400 81.434
72.1600 87.663
72.1800 100.133
72.2000 116.540
72.2200 128.744
72.2400 136.871
72.2600 144.942
72.2800 140.434
72.3000 144.682
72.3200 140.097
72.3400 125.766
72.3600 116.128
72.3800 97.848
72.4000 100.650
72.4200 95.243
72.4400 73.336
72.4600 73.618
72.4800 67.065
72.5000 74.487
72.5200 68.701
72.5400 66.159
72.5600 64.177
72.5800 66.206
72.6000 59.424
72.6200 69.476
72.6400 61.142
72.6600 68.641
72.6800 66.216
72.7000 72.016
72.7200 65.354
72.7400 71.609
72.7600 59.963
72.7800 69.209
72.8000 64.325
72.8200 67.077
72.8400 66.814
72.8600 72.857
72.8800 56.563
72.9000 72.861
72.9200 65.162
72.9400 85.563
72.9600 71.458
72.9800 82.539
73.0000 83.370
73.0200 106.888
73.0400 91.076
73.0600 99.026
73.0800 92.532
73.1000 80.727
73.1200 84.414
73.1400 85.265
73.1600 75.650
73.1800 78.952
73.2000 69.060
73.2200 70.803
73.2400 69.885
73.2600 78.023
73.2800 93.994
73.3000 94.744
73.3200 107.122
73.3400 118.434
73.3600 135.115
73.3800 164.963
73.4000 162.406
73.4200 170.525
73.4400 175.019
73.4600 165.402
73.4800 166.292
73.5000 123.604
73.5200 122.509
73.5400 108.652
73.5600 84.550
73.5800 77.636
73.6000 77.430
73.6200 80.427
73.6400 62.704
73.6600 57.457
73.6800 72.127
73.7000 75.144
73.7200 63.871
73.7400 52.557
73.7600 74.545
73.7800 64.661
73.8000 72.645
73.8200 65.755
73.8400 64.013
73.8600 64.077
73.8800 76.638
73.9000 78.217
73.9200 59.800
73.9400 71.639
73.9600 94.444
73.9800 89.974
74.0000 93.790
74.0200 112.112
74.0400 120.497
74.0600 127.029
74.0800 127.398
74.1000 126.750
74.1200 120.215
74.1400 116.375
74.1600 99.488
74.1800 92.674
74.2000 84.783
74.2200 86.522
74.2400 75.891
74.2600 69.651
74.2800 71.487
74.3000 69.557
74.3200 73.051
74.3400 69.277
74.3600 76.877
74.3800 74.133
74.4000 65.805
74.4200 63.564
74.4400 71.350
74.4600 69.161
74.4800 65.501
74.5000 57.213
74.5200 55.088
74.5400 68.179
74.5600 70.721
74.5800 70.924
74.6000 58.387
74.6200 72.341
74.6400 62.919
74.6600 68.462
74.6800 68.638
74.7000 61.330
74.7200 62.604
74.7400 53.721
74.7600 60.666
74.7800 55.358
74.8000 68.804
74.8200 66.556
74.8400 71.678
74.8600 68.340
74.8800 62.399
74.9000 68.292
74.9200 63.879
74.9400 69.883
74.9600 68.128
74.9800 60.312
75.0000 66.263
75.0200 66.589
75.0400 64.418
75.0600 71.640
75.0800 76.556
75.1000 64.079
75.1200 64.188
75.1400 52.811
75.1600 65.532
75.1800 63.696
75.2000 53.353
75.2200 68.058
75.2400 69.880
75.2600 61.936
75.2800 64.112
75.3000 60.556
75.3200 70.937
75.3400 57.264
75.3600 64.496
75.3800 78.089
75.4000 66.700
75.4200 69.205
75.4400 65.524
75.4600 59.364
75.4800 66.222
75.5000 68.864
75.5200 60.296
75.5400 68.489
75.5600 73.915
75.5800 72.871
75.6000 56.964
75.6200 60.615
75.6400 56.792
75.6600 72.908
75.6800 70.150
75.7000 70.714
75.7200 61.232
75.7400 59.509
75.7600 66.977
75.7800 67.129
75.8000 61.405
75.8200 67.390
75.8400 70.413
75.8600 67.924
75.8800 60.337
75.9000 53.936
75.9200 65.153
75.9400 67.926
75.9600 65.931
75.9800 66.147
76.0000 67.102
76.0200 80.410
76.0400 84.456
76.0600 99.734
76.0800 114.703
76.1000 146.729
76.1200 189.329
76.1400 225.644
76.1600 268.073
76.1800 311.818
76.2000 346.839
76.2200 349.485
76.2400 347.111
76.2600 311.145
76.2800 272.658
76.3000 224.794
76.3200 191.118
76.3400 172.373
76.3600 145.065
76.3800 136.840
76.4000 133.922
76.4200 131.605
76.4400 133.732
76.4600 137.456
76.4800 139.250
76.5000 132.628
76.5200 124.277
76.5400 111.812
76.5600 95.494
76.5800 88.748
76.6000 76.661
76.6200 82.387
76.6400 59.697
76.6600 68.468
76.6800 82.637
76.7000 65.487
76.7200 60.345
76.7400 66.875
76.7600 74.649
76.7800 65.927
76.8000 70.566
76.8200 67.488
76.8400 64.657
76.8600 85.803
76.8800 67.335
76.9000 63.692
76.9200 63.982
76.9400 69.212
76.9600 69.391
76.9800 71.575
77.0000 67.797
77.0200 58.367
77.0400 70.156
77.0600 65.117
77.0800 65.261
77.1000 58.088
77.1200 63.551
77.1400 62.638
77.1600 66.787
77.1800 58.292
77.2000 67.324
77.2200 67.773
77.2400 60.315
77.2600 63.293
77.2800 61.903
77.3000 72.501
77.3200 51.892
77.3400 65.009
77.3600 57.113
77.3800 64.493
77.4000 72.170
77.4200 63.313
77.4400 67.934
77.4600 62.042
77.4800 78.755
77.5000 72.604
77.5200 73.895
77.5400 59.170
77.5600 60.540
77.5800 73.632
77.6000 65.994
77.6200 65.620
77.6400 69.179
77.6600 59.657
77.6800 71.847
77.7000 67.363
77.7200 70.223
77.7400 63.525
77.7600 71.038
77.7800 64.510
77.8000 75.846
77.8200 79.159
77.8400 81.266
77.8600 83.623
77.8800 90.301
77.9000 77.073
77.9200 105.202
77.9400 104.496
77.9600 110.693
77.9800 109.686
78.0000 101.341
78.0200 102.125
78.0400 103.161
78.0600 100.793
78.0800 81.842
78.1000 74.370
78.1200 83.995
78.1400 66.782
78.1600 82.426
78.1800 69.031
78.2000 62.731
78.2200 73.582
78.2400 77.671
78.2600 58.832
78.2800 76.770
78.3000 65.723
78.3200 76.332
78.3400 65.137
78.3600 57.963
78.3800 70.445
78.4000 72.999
78.4200 80.023
78.4400 77.796
78.4600 71.632
78.4800 66.042
78.5000 64.351
78.5200 65.713
78.5400 62.503
78.5600 65.849
78.5800 52.236
78.6000 68.583
78.6200 67.343
78.6400 82.919
78.6600 72.083
78.6800 64.657
78.7000 70.933
78.7200 60.197
78.7400 63.943
78.7600 56.360
78.7800 76.191
78.8000 71.140
78.8200 60.533
78.8400 67.231
78.8600 73.300
78.8800 70.579
78.9000 69.909
78.9200 62.475
78.9400 63.806
78.9600 68.207
78.9800 73.165
79.0000 62.677
79.0200 60.929
79.0400 74.528
79.0600 62.089
79.0800 74.141
79.1000 69.143
79.1200 72.978
79.1400 78.165
79.1600 71.838
79.1800 72.369
79.2000 62.213
79.2200 63.556
79.2400 71.598
79.2600 76.947
79.2800 76.101
79.3000 81.655
79.3200 69.627
79.3400 68.986
79.3600 73.813
79.3800 67.896
79.4000 67.415
79.4200 61.513
79.4400 73.751
79.4600 61.379
79.4800 70.892
79.5000 59.310
79.5200 74.410
79.5400 61.666
79.5600 72.907
79.5800 58.317
79.6000 65.221
79.6200 74.937
79.6400 63.042
79.6600 68.284
79.6800 65.017
79.7000 54.038
79.7200 69.750
79.7400 70.503
79.7600 61.269
79.7800 71.365
79.8000 63.156
79.8200 61.917
79.8400 67.985
79.8600 63.863
79.8800 81.713
79.9000 58.635
79.9200 72.403
79.9400 73.912
79.9600 56.110
79.9800 57.598
80.0000 71.374
80.0200 65.118
80.0400 70.315
80.0600 74.858
80.0800 65.795
80.1000 61.651
80.1200 51.665
80.1400 69.277
80.1600 62.484
80.1800 69.943
80.2000 69.460
80.2200 59.770
80.2400 78.427
80.2600 74.591
80.2800 73.188
80.3000 60.998
80.3200 65.667
80.3400 64.837
80.3600 65.637
80.3800 61.388
80.4000 70.748
80.4200 69.522
80.4400 70.346
80.4600 65.125
80.4800 75.914
80.5000 69.301
80.5200 51.755
80.5400 64.348
80.5600 67.854
80.5800 73.995
80.6000 66.406
80.6200 66.716
80.6400 64.247
80.6600 72.224
80.6800 65.552
80.7000 64.624
80.7200 63.799
80.7400 71.598
80.7600 65.068
80.7800 58.218
80.8000 72.016
80.8200 64.079
80.8400 70.436
80.8600 70.544
80.8800 75.530
80.9000 74.582
80.9200 64.872
80.9400 67.331
80.9600 60.594
80.9800 78.407
81.0000 71.000
81.0200 76.724
81.0400 66.450
81.0600 56.076
81.0800 77.568
81.1000 68.944
81.1200 69.191
81.1400 68.732
81.1600 72.274
81.1800 71.612
81.2000 58.877
81.2200 74.948
81.2400 65.260
81.2600 65.639
81.2800 78.813
81.3000 73.978
81.3200 66.433
81.3400 57.331
81.3600 69.446
81.3800 71.715
81.4000 68.007
81.4200 61.021
81.4400 63.760
81.4600 60.980
81.4800 69.810
81.5000 73.442
81.5200 74.684
81.5400 64.146
81.5600 69.956
81.5800 71.877
81.6000 65.493
81.6200 67.676
81.6400 81.317
81.6600 69.812
81.6800 73.886
81.7000 65.986
81.7200 68.853
81.7400 58.323
81.7600 68.466
81.7800 75.777
81.8000 81.223
81.8200 75.817
81.8400 72.765
81.8600 68.969
81.8800 65.058
81.9000 67.703
81.9200 72.349
81.9400 63.968
81.9600 74.285
81.9800 62.788
82.0000 58.025
82.0200 62.634
82.0400 58.722
82.0600 60.487
82.0800 75.522
82.1000 67.537
82.1200 70.063
82.1400 75.726
82.1600 76.388
82.1800 65.932
82.2000 77.206
82.2200 72.109
82.2400 70.915
82.2600 75.506
82.2800 67.546
82.3000 76.343
82.3200 87.369
82.3400 100.585
82.3600 105.009
82.3800 117.098
82.4000 133.090
82.4200 142.352
82.4400 141.049
82.4600 142.073
82.4800 125.898
82.5000 117.358
82.5200 110.564
82.5400 96.437
82.5600 86.085
82.5800 91.837
82.6000 75.529
82.6200 67.514
82.6400 74.151
82.6600 81.073
82.6800 69.938
82.7000 76.553
82.7200 66.413
82.7400 66.044
82.7600 64.838
82.7800 68.116
82.8000 79.999
82.8200 62.054
82.8400 78.818
82.8600 62.950
82.8800 67.605
82.9000 74.030
82.9200 72.804
82.9400 70.721
82.9600 59.140
82.9800 71.216
83.0000 62.916
83.0200 84.470
83.0400 67.783
83.0600 70.203
83.0800 62.198
83.1000 66.212
83.1200 61.346
83.1400 74.988
83.1600 67.534
83.1800 72.489
83.2000 65.012
83.2200 66.120
83.2400 76.863
83.2600 63.311
83.2800 58.339
83.3000 71.592
83.3200 62.314
83.3400 66.532
83.3600 74.646
83.3800 64.271
83.4000 74.461
83.4200 65.110
83.4400 78.148
83.4600 77.162
83.4800 66.390
83.5000 67.946
83.5200 64.240
83.5400 70.439
83.5600 76.141
83.5800 60.572
83.6000 74.765
83.6200 61.323
83.6400 64.116
83.6600 58.555
83.6800 81.918
83.7000 69.647
83.7200 70.771
83.7400 65.252
83.7600 75.718
83.7800 56.704
83.8000 69.490
83.8200 82.577
83.8400 67.052
83.8600 69.454
83.8800 73.391
83.9000 64.496
83.9200 69.509
83.9400 75.145
83.9600 70.552
83.9800 71.619
84.0000 67.303
84.0200 71.301
84.0400 69.749
84.0600 78.151
84.0800 73.774
84.1000 67.973
84.1200 54.761
84.1400 73.743
84.1600 73.988
84.1800 63.962
84.2000 57.480
84.2200 62.626
84.2400 75.041
84.2600 63.102
84.2800 66.741
84.3000 70.827
84.3200 76.858
84.3400 69.410
84.3600 68.924
84.3800 66.240
84.4000 79.324
84.4200 75.943
84.4400 68.983
84.4600 61.182
84.4800 64.826
84.5000 73.052
84.5200 65.253
84.5400 74.943
84.5600 71.765
84.5800 71.359
84.6000 73.531
84.6200 72.609
84.6400 64.493
84.6600 67.676
84.6800 83.677
84.7000 62.398
84.7200 66.805
84.7400 76.053
84.7600 68.710
84.7800 64.800
84.8000 61.741
84.8200 72.903
84.8400 75.813
84.8600 78.100
84.8800 70.031
84.9000 75.985
84.9200 63.524
84.9400 70.737
84.9600 65.672
84.9800 70.786
85.0000 74.254
85.0200 76.175
85.0400 63.825
85.0600 77.376
85.0800 66.932
85.1000 63.631
85.1200 68.768
85.1400 61.024
85.1600 69.834
85.1800 71.553
85.2000 68.623
85.2200 73.060
85.2400 67.990
85.2600 69.979
85.2800 61.476
85.3000 70.718
85.3200 66.021
85.3400 69.636
85.3600 73.799
85.3800 78.649
85.4000 72.099
85.4200 78.427
85.4400 92.872
85.4600 104.772
85.4800 110.704
85.5000 118.798
85.5200 123.522
85.5400 117.900
85.5600 111.097
85.5800 99.123
85.6000 92.573
85.6200 88.300
85.6400 86.326
85.6600 80.913
85.6800 75.859
85.7000 72.400
85.7200 75.547
85.7400 72.132
85.7600 72.207
85.7800 72.048
85.8000 66.823
85.8200 63.879
85.8400 73.000
85.8600 72.554
85.8800 68.739
85.9000 67.571
85.9200 83.743
85.9400 65.524
85.9600 68.781
85.9800 71.686
86.0000 63.175
86.0200 70.810
86.0400 80.900
86.0600 75.724
86.0800 73.921
86.1000 73.690
86.1200 70.814
86.1400 75.901
86.1600 69.226
86.1800 67.641
86.2000 70.825
86.2200 75.725
86.2400 72.449
86.2600 74.894
86.2800 59.476
86.3000 80.246
86.3200 89.708
86.3400 87.861
86.3600 84.212
86.3800 89.624
86.4000 107.124
86.4200 111.639
86.4400 133.965
86.4600 136.646
86.4800 152.106
86.5000 156.166
86.5200 132.232
86.5400 138.099
86.5600 121.059
86.5800 104.536
86.6000 97.578
86.6200 89.987
86.6400 89.801
86.6600 69.045
86.6800 80.970
86.7000 84.683
86.7200 75.009
86.7400 74.116
86.7600 70.488
86.7800 63.402
86.8000 73.618
86.8200 72.701
86.8400 74.787
86.8600 85.815
86.8800 74.776
86.9000 72.972
86.9200 79.802
86.9400 62.383
86.9600 63.647
86.9800 68.359
87.0000 66.911
87.0200 75.472
87.0400 70.295
87.0600 84.213
87.0800 85.469
87.1000 84.843
87.1200 83.264
87.1400 96.034
87.1600 104.874
87.1800 101.340
87.2000 116.478
87.2200 123.031
87.2400 121.431
87.2600 127.561
87.2800 120.480
87.3000 101.288
87.3200 99.195
87.3400 85.905
87.3600 87.920
87.3800 74.204
87.4000 81.373
87.4200 75.835
87.4400 77.937
87.4600 70.470
87.4800 62.210
87.5000 81.359
87.5200 69.651
87.5400 78.919
87.5600 73.234
87.5800 74.699
87.6000 81.639
87.6200 72.709
87.6400 79.075
87.6600 61.775
87.6800 75.915
87.7000 69.244
87.7200 69.898
87.7400 70.761
87.7600 72.795
87.7800 80.666
87.8000 59.608
87.8200 71.001
87.8400 66.445
87.8600 77.746
87.8800 68.219
87.9000 73.506
87.9200 68.387
87.9400 74.787
87.9600 76.875
87.9800 68.409
88.0000 71.094
88.0200 62.285
88.0400 72.646
88.0600 75.959
88.0800 67.496
88.1000 77.557
88.1200 58.402
88.1400 59.741
88.1600 62.527
88.1800 67.954
88.2000 70.982
88.2200 70.404
88.2400 70.481
88.2600 75.232
88.2800 68.065
88.3000 63.324
88.3200 63.449
88.3400 83.595
88.3600 56.813
88.3800 69.875
88.4000 79.687
88.4200 73.847
88.4400 65.977
88.4600 70.974
88.4800 76.152
88.5000 78.224
88.5200 65.586
88.5400 75.552
88.5600 72.511
88.5800 77.629
88.6000 79.352
88.6200 68.957
88.6400 62.326
88.6600 73.406
88.6800 81.698
88.7000 75.158
88.7200 72.433
88.7400 85.465
88.7600 64.826
88.7800 76.491
88.8000 67.657
88.8200 71.385
88.8400 71.632
88.8600 80.189
88.8800 65.492
88.9000 67.904
88.9200 61.564
88.9400 74.052
88.9600 68.387
88.9800 73.675
89.0000 64.710
89.0200 69.001
89.0400 77.398
89.0600 70.125
89.0800 74.932
89.1000 74.355
89.1200 69.073
89.1400 61.841
89.1600 77.118
89.1800 72.237
89.2000 77.120
89.2200 59.151
89.2400 61.306
89.2600 58.385
89.2800 65.987
89.3000 77.507
89.3200 74.658
89.3400 71.064
89.3600 72.063
89.3800 75.848
89.4000 69.477
89.4200 73.673
89.4400 72.144
89.4600 58.189
89.4800 69.009
89.5000 79.478
89.5200 68.957
89.5400 70.480
89.5600 67.705
89.5800 68.445
89.6000 78.104
89.6200 69.758
89.6400 65.242
89.6600 52.713
89.6800 67.952
89.7000 59.594
89.7200 60.460
89.7400 76.180
89.7600 75.668
89.7800 59.920
89.8000 76.539
89.8200 74.193
89.8400 66.743
89.8600 75.857
89.8800 61.698
89.9000 64.238
89.9200 62.834
89.9400 64.810
89.9600 76.758
89.9800 63.491
90.0000 64.592
